0 background 0 0 0 0
1 lh.A8m 127 0 255 0
2 rh.A8m 125 3 254 0
3 lh.A8dl 123 6 254 0
4 rh.A8dl 121 9 254 0
5 lh.A9l 119 12 254 0
6 rh.A9l 117 15 254 0
7 lh.A6dl 115 18 254 0
8 rh.A6dl 113 21 254 0
9 lh.A6m 111 25 254 0
10 rh.A6m 109 28 254 0
11 lh.A9m 107 31 254 0
12 rh.A9m 105 34 254 0
13 lh.A10m 103 37 254 0
14 rh.A10m 101 40 254 0
15 lh.A9_46d 99 43 254 0
16 rh.A9_46d 97 46 253 0
17 lh.IFJ 95 49 253 0
18 rh.IFJ 93 53 253 0
19 lh.A46 91 56 253 0
20 rh.A46 89 59 253 0
21 lh.A9_46v 87 62 253 0
22 rh.A9_46v 85 65 252 0
23 lh.A8vl 83 68 252 0
24 rh.A8vl 81 71 252 0
25 lh.A6vl 79 74 252 0
26 rh.A6vl 77 77 251 0
27 lh.A10l 75 80 251 0
28 rh.A10l 73 83 251 0
29 lh.A44d 71 86 251 0
30 rh.A44d 69 89 250 0
31 lh.IFS 67 92 250 0
32 rh.IFS 65 95 250 0
33 lh.A45c 63 97 250 0
34 rh.A45c 61 100 249 0
35 lh.A45r 59 103 249 0
36 rh.A45r 57 106 249 0
37 lh.A44op 53 112 248 0
38 rh.A44op 51 115 248 0
39 lh.A44v 49 117 247 0
40 rh.A44v 47 120 247 0
41 lh.A14m 45 123 246 0
42 rh.A14m 43 126 246 0
43 lh.A12_47o 41 128 246 0
44 rh.A12_47o 39 131 245 0
45 lh.A11l 37 134 245 0
46 rh.A11l 35 136 244 0
47 lh.A11m 33 139 244 0
48 rh.A11m 31 142 243 0
49 lh.A13 29 144 243 0
50 rh.A13 27 147 243 0
51 lh.A12_47l 25 149 242 0
52 rh.A12_47l 23 152 242 0
53 lh.A4hf 21 154 241 0
54 rh.A4hf 19 157 241 0
55 lh.A6cdl 17 159 240 0
56 rh.A6cdl 15 162 239 0
57 lh.A4ul 13 164 239 0
58 rh.A4ul 11 167 238 0
59 lh.A4t 9 169 238 0
60 rh.A4t 7 171 237 0
61 lh.A4tl 5 174 237 0
62 rh.A4tl 3 176 236 0
63 lh.A6cvl 1 178 236 0
64 rh.A6cvl 0 180 235 0
65 lh.A1_2_3ll 2 183 234 0
66 rh.A1_2_3ll 4 185 234 0
67 lh.A4ll 6 187 233 0
68 rh.A4ll 8 189 232 0
69 lh.A38m 10 191 232 0
70 rh.A38m 12 193 231 0
71 lh.A41_42 14 195 230 0
72 rh.A41_42 16 197 230 0
73 lh.TE1.0_TE1.2 20 201 228 0
74 rh.TE1.0_TE1.2 22 203 228 0
75 lh.A22c 24 205 227 0
76 rh.A22c 26 207 226 0
77 lh.A38l 28 209 226 0
78 rh.A38l 30 210 225 0
79 lh.A22r 32 212 224 0
80 rh.A22r 34 214 223 0
81 lh.A21c 36 215 223 0
82 rh.A21c 38 217 222 0
83 lh.A21r 40 219 221 0
84 rh.A21r 42 220 220 0
85 lh.A37dl 44 222 220 0
86 rh.A37dl 46 223 219 0
87 lh.aSTS 48 225 218 0
88 rh.aSTS 50 226 217 0
89 lh.A20iv 52 228 216 0
90 rh.A20iv 54 229 215 0
91 lh.A37elv 56 230 215 0
92 rh.A37elv 58 232 214 0
93 lh.A20r 60 233 213 0
94 rh.A20r 62 234 212 0
95 lh.A20il 64 236 211 0
96 rh.A20il 66 237 210 0
97 lh.A37vl 68 238 209 0
98 rh.A37vl 70 239 209 0
99 lh.A20cl 72 240 208 0
100 rh.A20cl 74 241 207 0
101 lh.A20cv 76 242 206 0
102 rh.A20cv 78 243 205 0
103 lh.A20rv 80 244 204 0
104 rh.A20rv 82 245 203 0
105 lh.A37mv 84 246 202 0
106 rh.A37mv 86 246 201 0
107 lh.A37lv 88 247 200 0
108 rh.A37lv 92 249 198 0
109 lh.A35_36r 94 249 197 0
110 rh.A35_36r 96 250 196 0
111 lh.A35_36c 98 250 195 0
112 rh.A35_36c 100 251 194 0
113 lh.TL 102 251 193 0
114 rh.TL 104 252 192 0
115 lh.A28_34 106 252 191 0
116 rh.A28_34 108 253 190 0
117 lh.TI 110 253 189 0
118 rh.TI 112 253 188 0
119 lh.TH 114 254 187 0
120 rh.TH 116 254 186 0
121 lh.rpSTS 118 254 185 0
122 rh.rpSTS 120 254 184 0
123 lh.cpSTS 122 254 183 0
124 rh.cpSTS 124 254 181 0
125 lh.A7r 126 254 180 0
126 rh.A7r 128 254 179 0
127 lh.A7c 130 254 178 0
128 rh.A7c 132 254 177 0
129 lh.A5l 134 254 176 0
130 rh.A5l 136 254 175 0
131 lh.A7pc 138 254 174 0
132 rh.A7pc 140 254 172 0
133 lh.A7ip 142 253 171 0
134 rh.A7ip 144 253 170 0
135 lh.A39c 146 253 169 0
136 rh.A39c 148 252 168 0
137 lh.A39rd 150 252 167 0
138 rh.A39rd 152 251 165 0
139 lh.A40rd 154 251 164 0
140 rh.A40rd 156 250 163 0
141 lh.A40c 158 250 162 0
142 rh.A40c 160 249 161 0
143 lh.A39rv 162 249 159 0
144 rh.A39rv 166 247 157 0
145 lh.A40rv 168 246 156 0
146 rh.A40rv 170 246 154 0
147 lh.A7m 172 245 153 0
148 rh.A7m 174 244 152 0
149 lh.A5m 176 243 151 0
150 rh.A5m 178 242 149 0
151 lh.dmPOS 180 241 148 0
152 rh.dmPOS 182 240 147 0
153 lh.A31 184 239 146 0
154 rh.A31 186 238 144 0
155 lh.A1_2_3ulhf 188 237 143 0
156 rh.A1_2_3ulhf 190 236 142 0
157 lh.A1_2_3tonIa 192 234 140 0
158 rh.A1_2_3tonIa 194 233 139 0
159 lh.A2 196 232 138 0
160 rh.A2 198 230 136 0
161 lh.A1_2_3tru 200 229 135 0
162 rh.A1_2_3tru 202 228 134 0
163 lh.G 204 226 132 0
164 rh.G 206 225 131 0
165 lh.vIa 208 223 130 0
166 rh.vIa 210 222 128 0
167 lh.dIa 212 220 127 0
168 rh.dIa 214 219 126 0
169 lh.vId_vIg 216 217 124 0
170 rh.vId_vIg 218 215 123 0
171 lh.dIg 220 214 122 0
172 rh.dIg 222 212 120 0
173 lh.dId 224 210 119 0
174 rh.dId 226 209 117 0
175 lh.A23d 228 207 116 0
176 rh.A23d 230 205 115 0
177 lh.A24rv 232 203 113 0
178 rh.A24rv 234 201 112 0
179 lh.A32p 238 197 109 0
180 rh.A32p 240 195 108 0
181 lh.A23v 242 193 106 0
182 rh.A23v 244 191 105 0
183 lh.A24cd 246 189 103 0
184 rh.A24cd 248 187 102 0
185 lh.A23c 250 185 100 0
186 rh.A23c 252 183 99 0
187 lh.A32sg 254 180 97 0
188 rh.A32sg 255 178 96 0
189 lh.cLinG 255 176 95 0
190 rh.cLinG 255 174 93 0
191 lh.rCunG 255 171 92 0
192 rh.rCunG 255 169 90 0
193 lh.cCunG 255 167 89 0
194 rh.cCunG 255 164 87 0
195 lh.rLinG 255 162 86 0
196 rh.rLinG 255 159 84 0
197 lh.vmPOS 255 157 83 0
198 rh.vmPOS 255 154 81 0
199 lh.mOccG 255 152 80 0
200 rh.mOccG 255 149 78 0
201 lh.V5_MT+ 255 147 77 0
202 rh.V5_MT+ 255 144 75 0
203 lh.OPC 255 142 74 0
204 rh.OPC 255 139 72 0
205 lh.iOccG 255 136 71 0
206 rh.iOccG 255 134 69 0
207 lh.msOccG 255 131 68 0
208 rh.msOccG 255 128 66 0
209 lh.lsOccG 255 126 65 0
210 rh.lsOccG 255 123 63 0
211 mAmyg_L 255 120 62 0
212 mAmyg_R 255 117 60 0
213 lAmyg_L 255 115 59 0
214 lAmyg_R 255 112 57 0
215 rHipp_L 255 106 54 0
216 rHipp_R 255 103 53 0
217 cHipp_L 255 100 51 0
218 cHipp_R 255 97 49 0
219 vCa_L 255 95 48 0
220 vCa_R 255 92 46 0
221 GP_L 255 89 45 0
222 GP_R 255 86 43 0
223 NAC_L 255 83 42 0
224 NAC_R 255 80 40 0
225 vmPu_L 255 77 39 0
226 vmPu_R 255 74 37 0
227 dCa_L 255 71 36 0
228 dCa_R 255 68 34 0
229 dlPu_L 255 65 32 0
230 dlPu_R 255 62 31 0
231 mPFtha_L 255 59 29 0
232 mPFtha_R 255 56 28 0
233 mPMtha_L 255 53 26 0
234 mPMtha_R 255 49 25 0
235 Stha_L 255 46 23 0
236 Stha_R 255 43 21 0
237 rTtha_L 255 40 20 0
238 rTtha_R 255 37 18 0
239 PPtha_L 255 34 17 0
240 PPtha_R 255 31 15 0
241 Otha_L 255 28 14 0
242 Otha_R 255 25 12 0
243 cTtha_L 255 21 10 0
244 cTtha_R 255 18 9 0
245 lPFtha_L 255 15 7 0
246 lPFtha_R 255 12 6 0
247 brainstem 255 9 4 0
248 left_cerebellum_cortex 255 6 3 0
249 left_cerebellum_cortex 255 3 1 0
